100101,125,1,0
100101,418,2,0
100101,419,3,0
100101,420,4,0
100101,421,5,0
100101,422,6,0
100101,423,7,0
100101,424,8,0
100101,425,9,0
100101,426,10,0
100101,427,11,0
100101,428,12,0
100101,432,13,0
100101,6152,14,0
100101,433,15,0
100101,434,16,0
100101,435,17,0
100101,436,18,0
100101,437,19,0
100101,438,20,0
100101,439,21,0
100101,440,22,0
100101,401,23,1
100102,401,1,0
100102,402,2,0
100102,403,3,0
100102,404,4,0
100102,405,5,0
100102,406,6,0
100102,424,7,0
100102,425,8,0
100102,407,9,0
100102,408,10,0
100102,409,11,0
100102,410,12,0
100102,411,13,0
100102,412,14,0
100102,413,15,0
100102,122,16,0
100102,123,17,0
100102,124,18,0
100102,125,19,1
100203,125,1,0
100203,418,2,0
100203,624,3,0
100203,625,4,0
100203,626,5,0
100203,627,6,0
100203,628,7,0
100203,629,8,0
100203,630,9,0
100203,631,10,0
100203,632,11,0
100203,633,12,0
100203,634,13,0
100203,635,14,0
100203,636,15,0
100203,637,16,0
100203,638,17,0
100203,639,18,0
100203,640,19,0
100203,641,20,0
100203,642,21,0
100203,643,22,0
100203,644,23,0
100203,645,24,0
100203,601,25,1
100204,601,1,0
100204,602,2,0
100204,603,3,0
100204,604,4,0
100204,605,5,0
100204,606,6,0
100204,607,7,0
100204,608,8,0
100204,609,9,0
100204,610,10,0
100204,611,11,0
100204,612,12,0
100204,613,13,0
100204,614,14,0
100204,118,15,0
100204,119,16,0
100204,120,17,0
100204,121,18,0
100204,122,19,0
100204,123,20,0
100204,124,21,0
100204,125,22,1
200103,125,1,0
200103,219,2,0
200103,323,3,0
200103,324,4,0
200103,325,5,0
200103,326,6,0
200103,327,7,0
200103,328,8,0
200103,329,9,0
200103,241,10,0
200103,312,11,0
200103,331,12,0
200103,332,13,0
200103,6139,14,0
200103,204,15,0
200103,339,16,0
200103,340,17,0
200103,341,18,0
200103,342,19,0
200103,301,20,1
200104,301,1,0
200104,302,2,0
200104,303,3,0
200104,304,4,0
200104,305,5,0
200104,306,6,0
200104,307,7,0
200104,308,8,0
200104,309,9,0
200104,310,10,0
200104,311,11,0
200104,312,12,0
200104,343,13,0
200104,344,14,0
200104,348,15,0
200104,347,16,0
200104,346,17,0
200104,345,18,0
200104,349,19,0
200104,350,20,0
200104,351,21,0
200104,217,22,0
200104,125,23,1
200201,125,1,0
200201,730,2,0
200201,731,3,0
200201,732,4,0
200201,733,5,0
200201,734,6,0
200201,735,7,0
200201,736,8,0
200201,737,9,0
200201,738,10,0
200201,739,11,0
200201,740,12,0
200201,741,13,0
200201,742,14,0
200201,743,15,0
200201,744,16,0
200201,6141,17,1
200202,6141,1,0
200202,6142,2,0
200202,6143,3,0
200202,707,4,0
200202,708,5,0
200202,709,6,0
200202,710,7,0
200202,711,8,0
200202,712,9,0
200202,713,10,0
200202,714,11,0
200202,715,12,0
200202,716,13,0
200202,717,14,0
200202,718,15,0
200202,402,16,0
200202,403,17,0
200202,404,18,0
200202,722,19,0
200202,723,20,0
200202,724,21,0
200202,725,22,0
200202,726,23,0
200202,727,24,0
200202,517,25,0
200202,125,26,1
300103,125,1,0
300103,219,2,0
300103,220,3,0
300103,6146,4,0
300103,221,5,0
300103,222,6,0
300103,223,7,0
300103,233,8,0
300103,224,9,0
300103,225,10,0
300103,226,11,0
300103,227,12,0
300103,228,13,0
300103,229,14,0
300103,230,15,0
300103,231,16,0
300103,201,17,1
300104,201,1,0
300104,232,2,0
300104,202,3,0
300104,203,4,0
300104,338,5,0
300104,205,6,0
300104,206,7,0
300104,207,8,0
300104,241,9,0
300104,234,10,0
300104,235,11,0
300104,236,12,0
300104,237,13,0
300104,238,14,0
300104,239,15,0
300104,240,16,0
300104,217,17,0
300104,125,18,1
300201,125,1,0
300201,126,2,0
300201,520,3,0
300201,521,4,0
300201,522,5,0
300201,523,6,0
300201,524,7,0
300201,525,8,0
300201,526,9,0
300201,527,10,0
300201,528,11,0
300201,529,12,0
300201,530,13,0
300201,531,14,0
300201,532,15,0
300201,533,16,0
300201,534,17,0
300201,535,18,0
300201,536,19,0
300201,537,20,0
300201,501,21,1
300202,501,1,0
300202,502,2,0
300202,503,3,0
300202,504,4,0
300202,505,5,0
300202,506,6,0
300202,507,7,0
300202,6147,8,0
300202,508,9,0
300202,509,10,0
300202,510,11,0
300202,511,12,0
300202,512,13,0
300202,513,14,0
300202,514,15,0
300202,515,16,0
300202,516,17,0
300202,517,18,0
300202,125,19,1
400101,141,1,0
400101,101,2,0
400101,102,3,0
400101,103,4,0
400101,104,5,0
400101,105,6,0
400101,106,7,0
400101,107,8,0
400101,108,9,0
400101,109,10,0
400101,110,11,0
400101,111,12,0
400101,112,13,0
400101,113,14,0
400101,6151,15,0
400101,6144,16,0
400101,241,17,0
400101,312,18,0
400101,343,19,0
400101,344,20,0
400101,6150,21,0
400101,118,22,0
400101,119,23,0
400101,120,24,0
400101,121,25,0
400101,122,26,0
400101,123,27,0
400101,124,28,0
400101,125,29,1
400102,125,1,0
400102,126,2,0
400102,127,3,0
400102,128,4,0
400102,6148,5,0
400102,129,6,0
400102,223,7,0
400102,6149,8,0
400102,131,9,0
400102,132,10,0
400102,133,11,0
400102,134,12,0
400102,135,13,0
400102,136,14,0
400102,137,15,0
400102,138,16,0
400102,139,17,0
400102,140,18,0
400102,141,19,0
400102,101,20,1
