1002019,125,1,0,0
1002019,418,2,0,0
1002019,624,3,0,0
1002019,625,4,0,0
1002019,626,5,0,0
1002019,627,6,0,0
1002019,628,7,0,0
1002019,629,8,0,0
1002019,630,9,0,0
1002019,631,10,0,0
1002019,632,11,0,0
1002019,633,12,0,0
1002019,634,13,0,0
1002019,635,14,0,0
1002019,636,15,0,0
1002019,637,16,0,0
1002019,638,17,0,0
1002019,639,18,0,0
1002019,640,19,0,0
1002019,641,20,0,0
1002019,642,21,0,0
1002019,643,22,0,0
1002019,644,23,0,0
1002019,645,24,0,0
1002019,601,25,0,0
1002019,602,26,0,0
1002019,603,27,0,0
1002019,604,28,0,0
1002019,606,29,0,0
1002019,607,30,0,0
1002019,608,31,0,0
1002019,609,32,0,0
1002019,610,33,0,0
1002019,611,34,0,0
1002019,612,35,0,0
1002019,613,36,0,0
1002019,614,37,0,0
1002019,118,38,0,0
1002019,119,39,0,0
1002019,120,40,0,0
1002019,121,41,0,0
1002019,122,42,0,0
1002019,123,43,0,0
1002019,124,44,0,0
1002019,10000,45,1,1
2002019,125,1,0,0
2002019,730,2,0,0
2002019,731,3,0,0
2002019,732,4,0,0
2002019,733,5,0,0
2002019,734,6,0,0
2002019,735,7,0,0
2002019,736,8,0,0
2002019,737,9,0,0
2002019,738,10,0,0
2002019,739,11,0,0
2002019,740,12,0,0
2002019,741,13,0,0
2002019,742,14,0,0
2002019,743,15,0,0
2002019,744,16,0,0
2002019,6141,17,0,0
2002019,6142,18,0,0
2002019,6143,19,0,0
2002019,707,20,0,0
2002019,708,21,0,0
2002019,709,22,0,0
2002019,9904,23,0,0
2002019,9908,24,0,0
2002019,9909,25,0,0
2002019,9910,26,0,0
2002019,9912,27,0,0
2002019,9911,28,0,0
2002019,9913,29,0,0
2002019,710,30,0,0
2002019,711,31,0,0
2002019,712,32,0,0
2002019,713,33,0,0
2002019,714,34,0,0
2002019,715,35,0,0
2002019,716,36,0,0
2002019,717,37,0,0
2002019,718,38,0,0
2002019,402,39,0,0
2002019,403,40,0,0
2002019,404,41,0,0
2002019,722,42,0,0
2002019,723,43,0,0
2002019,724,44,0,0
2002019,725,45,0,0
2002019,726,46,0,0
2002019,727,47,0,0
2002019,517,48,0,0
2002019,10001,49,1,1
3001019,125,1,0,0
3001019,219,2,0,0
3001019,220,3,0,0
3001019,6146,4,0,0
3001019,221,5,0,0
3001019,222,6,0,0
3001019,223,7,0,0
3001019,233,8,0,0
3001019,224,9,0,0
3001019,225,10,0,0
3001019,226,11,0,0
3001019,227,12,0,0
3001019,228,13,0,0
3001019,229,14,0,0
3001019,230,15,0,0
3001019,231,16,0,0
3001019,201,17,0,0
3001019,232,18,0,0
3001019,202,19,0,0
3001019,203,20,0,0
3001019,338,21,0,0
3001019,205,22,0,0
3001019,206,23,0,0
3001019,207,24,0,0
3001019,241,25,0,0
3001019,234,26,0,0
3001019,235,27,0,0
3001019,236,28,0,0
3001019,237,29,0,0
3001019,238,30,0,0
3001019,239,31,0,0
3001019,240,32,0,0
3001019,217,33,0,0
3001019,10002,34,1,1
4001019,125,1,0,0
4001019,126,2,0,0
4001019,127,3,0,0
4001019,128,4,0,0
4001019,6148,5,0,0
4001019,129,6,0,0
4001019,223,7,0,0
4001019,6149,8,0,0
4001019,131,9,0,0
4001019,132,10,0,0
4001019,133,11,0,0
4001019,134,12,0,0
4001019,135,13,0,0
4001019,136,14,0,0
4001019,137,15,0,0
4001019,138,16,0,0
4001019,140,17,0,0
4001019,141,18,0,0
4001019,101,19,0,0
4001019,102,20,0,0
4001019,103,21,0,0
4001019,104,22,0,0
4001019,105,23,0,0
4001019,106,24,0,0
4001019,107,25,0,0
4001019,108,26,0,0
4001019,109,27,0,0
4001019,110,28,0,0
4001019,111,29,0,0
4001019,112,30,0,0
4001019,113,31,0,0
4001019,6151,32,0,0
4001019,6144,33,0,0
4001019,241,34,0,0
4001019,312,35,0,0
4001019,343,36,0,0
4001019,344,37,0,0
4001019,6150,38,0,0
4001019,118,39,0,0
4001019,119,40,0,0
4001019,120,41,0,0
4001019,121,42,0,0
4001019,122,43,0,0
4001019,123,44,0,0
4001019,124,45,0,0
5001019,125,1,0,0
5001019,418,2,0,0
5001019,419,3,0,0
5001019,420,4,0,0
5001019,421,5,0,0
5001019,422,6,0,0
5001019,423,7,0,0
5001019,424,8,0,0
5001019,425,9,0,0
5001019,426,10,0,0
5001019,427,11,0,0
5001019,428,12,0,0
5001019,432,13,0,0
5001019,6152,14,0,0
5001019,433,15,0,0
5001019,434,16,0,0
5001019,435,17,0,0
5001019,436,18,0,0
5001019,9980,19,0,0
5001019,439,20,0,0
5001019,440,21,0,0
5001019,401,22,0,0
5001019,402,23,0,0
5001019,403,24,0,0
5001019,404,25,0,0
5001019,405,26,0,0
5001019,406,27,0,0
5001019,407,28,0,0
5001019,408,29,0,0
5001019,409,30,0,0
5001019,410,31,0,0
5001019,411,32,0,0
5001019,412,33,0,0
5001019,413,34,0,0
5001019,122,35,0,0
5001019,123,36,0,0
5001019,124,37,0,0
6001019,125,1,0,0
6001019,219,2,0,0
6001019,323,3,0,0
6001019,324,4,0,0
6001019,325,5,0,0
6001019,326,6,0,0
6001019,327,7,0,0
6001019,328,8,0,0
6001019,329,9,0,0
6001019,241,10,0,0
6001019,312,11,0,0
6001019,331,12,0,0
6001019,332,13,0,0
6001019,6139,14,0,0
6001019,204,15,0,0
6001019,339,16,0,0
6001019,340,17,0,0
6001019,341,18,0,0
6001019,342,19,0,0
6001019,301,20,0,0
6001019,302,21,0,0
6001019,303,22,0,0
6001019,304,23,0,0
6001019,305,24,0,0
6001019,306,25,0,0
6001019,307,26,0,0
6001019,308,27,0,0
6001019,309,28,0,0
6001019,310,29,0,0
6001019,311,30,0,0
6001019,343,31,0,0
6001019,344,32,0,0
6001019,348,33,0,0
6001019,347,34,0,0
6001019,346,35,0,0
6001019,345,36,0,0
6001019,349,37,0,0
6001019,350,38,0,0
6001019,351,39,0,0
6001019,217,40,0,0
7001019,125,1,0,0
7001019,126,2,0,0
7001019,520,3,0,0
7001019,521,4,0,0
7001019,522,5,0,0
7001019,523,6,0,0
7001019,524,7,0,0
7001019,525,8,0,0
7001019,526,9,0,0
7001019,527,10,0,0
7001019,528,11,0,0
7001019,529,12,0,0
7001019,530,13,0,0
7001019,531,14,0,0
7001019,532,15,0,0
7001019,533,16,0,0
7001019,534,17,0,0
7001019,535,18,0,0
7001019,536,19,0,0
7001019,537,20,0,0
7001019,501,21,0,0
7001019,502,22,0,0
7001019,503,23,0,0
7001019,504,24,0,0
7001019,505,25,0,0
7001019,506,26,0,0
7001019,507,27,0,0
7001019,6147,28,0,0
7001019,508,29,0,0
7001019,509,30,0,0
7001019,510,31,0,0
7001019,511,32,0,0
7001019,512,33,0,0
7001019,513,34,0,0
7001019,514,35,0,0
7001019,515,36,0,0
7001019,516,37,0,0
7001019,517,38,0,0
8001019,6134,1,0,0
8001019,9901,2,0,0
8001019,239,3,0,0
8001019,240,4,0,0
8001019,323,5,0,0
8001019,324,6,0,0
8001019,325,7,0,0
8001019,124,8,0,0
8001019,9900,9,0,0
8001019,730,10,0,0
8001019,731,11,0,0
8001019,732,12,0,0
8001019,733,13,0,0
8001019,734,14,0,0
8001019,735,15,0,0
8001019,736,16,0,0
8001019,737,17,0,0
8001019,738,18,0,0
8001019,739,19,0,0
8001019,740,20,0,0
8001019,741,21,0,0
8001019,709,22,0,0
8001019,9904,23,0,0
8001019,9908,24,0,0
8001019,9909,25,0,0
8001019,9919,26,0,0
8001019,9928,27,0,0
8001019,9914,28,0,0
8001019,9921,29,0,0
8001019,9927,30,0,0
8001019,9990,31,0,0
8001019,9918,32,0,0
8001019,9922,33,0,0
8001019,9920,34,0,0
8001019,9980,35,0,0
8001019,439,36,0,0
8001019,440,37,0,0
8001019,401,38,0,0
8001019,9910,39,0,0
8001019,9912,40,0,0
8001019,9911,41,0,0
8001019,9913,42,0,0
8001019,9924,43,0,0
8001019,9905,44,0,0
8001019,9907,45,0,0
8001019,9906,46,0,0
8001019,9915,47,0,0
8001019,9929,48,0,0
8001019,9902,49,0,0
8001019,9923,50,0,0
8001019,9903,51,0,0
8001019,716,52,0,0
8001019,717,53,0,0
8001019,718,54,0,0
8001019,402,55,0,0
8001019,403,56,0,0
8001019,404,57,0,0
8001019,722,58,0,0
8001019,723,59,0,0
8001019,724,60,0,0
8001019,725,61,0,0
8001019,726,62,0,0
8001019,727,63,0,0
8001019,418,64,0,0
8001019,10001,65,0,0
8001019,405,66,0,0
8001019,406,67,0,0
8001019,424,68,0,0
8001019,425,69,0,0
8001019,426,70,0,0
8001019,427,71,0,0
8001019,9917,72,0,0
8001019,9925,73,0,0
8001019,9926,74,0,0
8001019,125,75,0,0
8001019,9940,76,0,0
8001019,9950,77,0,0
8001019,9960,78,0,0
9001019,6134,1,0,0
9001019,9901,2,0,0
9001019,239,3,0,0
9001019,240,4,0,0
9001019,323,5,0,0
9001019,324,6,0,0
9001019,325,7,0,0
9001019,124,8,0,0
9001019,9900,9,0,0
9001019,418,10,0,0
9001019,624,11,0,0
9001019,625,12,0,0
9001019,626,13,0,0
9001019,627,14,0,0
9001019,628,15,0,0
9001019,9992,16,0,0
9001019,730,17,0,0
9001019,731,18,0,0
9001019,732,19,0,0
9001019,733,20,0,0
9001019,734,21,0,0
9001019,735,22,0,0
9001019,736,23,0,0
9001019,737,24,0,0
9001019,738,25,0,0
9001019,739,26,0,0
9001019,740,27,0,0
9001019,741,28,0,0
9001019,709,29,0,0
9001019,9904,30,0,0
9001019,9908,31,0,0
9001019,9909,32,0,0
9001019,9910,33,0,0
9001019,9912,34,0,0
9001019,9911,35,0,0
9001019,9913,36,0,0
9001019,9924,37,0,0
9001019,9905,38,0,0
9001019,9907,39,0,0
9001019,9906,40,0,0
9001019,9921,41,0,0
9001019,9927,42,0,0
9001019,9990,43,0,0
9001019,9922,44,0,0
9001019,9991,45,0,0
9001019,9940,46,0,0
9001019,9950,47,0,0
9001019,9960,48,0,0
9001019,9919,49,0,0
9001019,405,50,0,0
9001019,406,51,0,0
9001019,424,52,0,0
9001019,425,53,0,0
9001019,426,54,0,0
9001019,427,55,0,0
9001019,9917,56,0,0
9001019,9925,57,0,0
9001019,9926,58,0,0
9001019,9920,59,0,0
9001019,9915,60,0,0
9001019,9929,61,0,0
9001019,9902,62,0,0
9001019,9923,63,0,0
9001019,9903,64,0,0
9001019,716,65,0,0
9001019,717,66,0,0
9001019,718,67,0,0
9001019,402,68,0,0
9001019,403,69,0,0
9001019,404,70,0,0
9001019,722,71,0,0
9001019,723,72,0,0
9001019,724,73,0,0
9001019,725,74,0,0
9001019,726,75,0,0
9001019,727,76,0,0
9001019,517,77,0,0
9001019,10001,78,0,0
9001019,125,79,0,0
9001019,219,80,0,0
9001019,326,81,0,0
9001019,327,82,0,0
9001019,328,83,0,0
9001019,331,84,0,0
9001019,6152,85,0,0
9001019,412,86,0,0
9001019,413,87,0,0
9001019,122,88,0,0
9001019,123,89,0,0
9001019,9918,90,0,0
61001019,225,1,0,0
61001019,6134,2,0,0
61001019,9901,3,0,0
61001019,239,4,0,0
61001019,240,5,0,0
61001019,9930,6,0,0
61001019,6127,7,0,0
61001019,6128,8,0,0
61001019,127,9,0,0
61001019,6132,10,0,0
61001019,6129,11,0,0
61001019,217,12,0,0
61001019,125,13,0,0
61001019,6125,14,0,0
61001019,6103,15,0,0
61001019,732,16,0,0
61001019,6104,17,0,0
61001019,733,18,0,0
61001019,6107,19,0,0
61001019,524,20,0,0
61001019,525,21,0,0
61001019,6153,22,0,0
61001019,526,23,0,0
61001019,527,24,0,0
61001019,529,25,0,0
61001019,530,26,0,0
61001019,531,27,0,0
61001019,6111,28,0,0
61001019,6112,29,0,0
61001019,6113,30,0,0
61001019,6114,31,0,0
61001019,6115,32,0,0
61001019,717,33,0,0
61001019,6116,34,0,0
61001019,401,35,0,0
61001019,6118,36,0,0
61001019,424,37,0,0
61001019,6119,38,0,0
61001019,6120,39,0,0
61001019,407,40,0,0
61001019,408,41,0,0
61001019,409,42,0,0
61001019,410,43,0,0
61001019,411,44,1,1
61002019,411,1,0,0
61002019,726,2,0,0
61002019,6125,3,0,0
61002019,418,4,0,0
61002019,9930,5,0,0
61002019,6127,6,0,0
61002019,6128,7,0,0
61002019,127,8,0,0
61002019,6132,9,0,0
61002019,6129,10,0,0
61002019,220,11,0,0
61002019,6146,12,0,0
61002019,6130,13,0,0
61002019,7100,14,0,0
61002019,328,15,0,0
61002019,329,16,0,0
61002019,241,17,0,0
61002019,225,18,1,1
