6101,6101,1,0
6101,6102,2,0
6101,6103,3,0
6101,6104,4,0
6101,6105,5,0
6101,6106,6,0
6101,6107,7,0
6101,6108,8,0
6101,6109,9,0
6101,6110,10,0
6101,6111,11,0
6101,6112,12,0
6101,6113,13,0
6101,6114,14,0
6101,6115,15,0
6101,6116,16,0
6101,6117,17,0
6101,6118,18,0
6101,6119,19,0
6101,6120,20,0
6101,6121,21,0
6101,6122,22,0
6101,6123,23,0
6101,6124,24,0
6101,6125,25,0
6101,6126,26,1
6102,6126,1,0
6102,6127,2,0
6102,6128,3,0
6102,6129,4,0
6102,6130,5,0
6102,6138,6,0
6102,6131,7,0
6102,6132,8,0
6102,6133,9,0
6102,6134,10,0
6102,6135,11,0
6102,6136,12,0
6102,6137,13,0
6102,6101,14,1
100100,401,1,0
100100,402,2,0
100100,403,3,0
100100,404,4,0
100100,405,5,0
100100,406,6,0
100100,407,7,0
100100,408,8,0
100100,409,9,0
100100,410,10,0
100100,411,11,0
100100,412,12,0
100100,413,13,0
100100,414,14,0
100100,415,15,0
100100,416,16,0
100100,417,17,0
100100,418,18,0
100100,419,19,0
100100,420,20,0
100100,421,21,0
100100,422,22,0
100100,423,23,0
100100,424,24,0
100100,425,25,0
100100,426,26,0
100100,427,27,0
100100,428,28,0
100100,429,29,0
100100,430,30,0
100100,431,31,0
100100,432,32,0
100100,433,33,0
100100,434,34,0
100100,435,35,0
100100,436,36,0
100100,437,37,0
100100,438,38,0
100100,439,39,0
100100,440,40,1
100200,601,1,0
100200,602,2,0
100200,603,3,0
100200,604,4,0
100200,605,5,0
100200,606,6,0
100200,607,7,0
100200,608,8,0
100200,609,9,0
100200,610,10,0
100200,611,11,0
100200,612,12,0
100200,613,13,0
100200,614,14,0
100200,615,15,0
100200,616,16,0
100200,617,17,0
100200,618,18,0
100200,619,19,0
100200,620,20,0
100200,621,21,0
100200,622,22,0
100200,623,23,0
100200,624,24,0
100200,625,25,0
100200,626,26,0
100200,627,27,0
100200,628,28,0
100200,629,29,0
100200,630,30,0
100200,631,31,0
100200,632,32,0
100200,633,33,0
100200,634,34,0
100200,635,35,0
100200,636,36,0
100200,637,37,0
100200,638,38,0
100200,639,39,0
100200,640,40,0
100200,641,41,0
100200,642,42,0
100200,643,43,0
100200,644,44,0
100200,645,45,1
200100,301,1,0
200100,302,2,0
200100,303,3,0
200100,304,4,0
200100,305,5,0
200100,306,6,0
200100,307,7,0
200100,308,8,0
200100,309,9,0
200100,310,10,0
200100,311,11,0
200100,312,12,0
200100,343,13,0
200100,344,14,0
200100,348,15,0
200100,347,16,0
200100,346,17,0
200100,345,18,0
200100,349,19,0
200100,350,20,0
200100,351,21,0
200100,320,22,0
200100,321,23,0
200100,322,24,0
200100,323,25,0
200100,324,26,0
200100,325,27,0
200100,326,28,0
200100,327,29,0
200100,328,30,0
200100,329,31,0
200100,330,32,0
200100,331,33,0
200100,332,34,0
200100,333,35,0
200100,334,36,0
200100,335,37,0
200100,336,38,0
200100,337,39,0
200100,338,40,0
200100,339,41,0
200100,340,42,0
200100,341,43,0
200100,342,44,1
200200,701,1,0
200200,702,2,0
200200,703,3,0
200200,704,4,0
200200,705,5,0
200200,706,6,0
200200,707,7,0
200200,708,8,0
200200,709,9,0
200200,710,10,0
200200,711,11,0
200200,712,12,0
200200,713,13,0
200200,714,14,0
200200,715,15,0
200200,716,16,0
200200,717,17,0
200200,718,18,0
200200,719,19,0
200200,720,20,0
200200,721,21,0
200200,722,22,0
200200,723,23,0
200200,724,24,0
200200,725,25,0
200200,726,26,0
200200,727,27,0
200200,728,28,0
200200,729,29,0
200200,730,30,0
200200,731,31,0
200200,732,32,0
200200,733,33,0
200200,734,34,0
200200,735,35,0
200200,736,36,0
200200,737,37,0
200200,738,38,0
200200,739,39,0
200200,740,40,0
200200,741,41,0
200200,742,42,0
200200,743,43,0
200200,744,44,1
300100,201,1,0
300100,232,2,0
300100,202,3,0
300100,203,4,0
300100,204,5,0
300100,205,6,0
300100,206,7,0
300100,207,8,0
300100,241,9,0
300100,234,10,0
300100,235,11,0
300100,236,12,0
300100,237,13,0
300100,238,14,0
300100,239,15,0
300100,240,16,0
300100,217,17,0
300100,218,18,0
300100,219,19,0
300100,220,20,0
300100,221,21,0
300100,222,22,0
300100,223,23,0
300100,233,24,0
300100,224,25,0
300100,225,26,0
300100,226,27,0
300100,227,28,0
300100,228,29,0
300100,229,30,0
300100,230,31,0
300100,231,32,1
300200,501,1,0
300200,502,2,0
300200,503,3,0
300200,504,4,0
300200,505,5,0
300200,506,6,0
300200,507,7,0
300200,508,8,0
300200,509,9,0
300200,510,10,0
300200,511,11,0
300200,512,12,0
300200,513,13,0
300200,514,14,0
300200,515,15,0
300200,516,16,0
300200,517,17,0
300200,518,18,0
300200,519,19,0
300200,520,20,0
300200,521,21,0
300200,522,22,0
300200,523,23,0
300200,524,24,0
300200,525,25,0
300200,526,26,0
300200,527,27,0
300200,528,28,0
300200,529,29,0
300200,530,30,0
300200,531,31,0
300200,532,32,0
300200,533,33,0
300200,534,34,0
300200,535,35,0
300200,536,36,0
300200,537,37,1
400100,101,1,0
400100,102,2,0
400100,103,3,0
400100,104,4,0
400100,105,5,0
400100,106,6,0
400100,107,7,0
400100,108,8,0
400100,109,9,0
400100,110,10,0
400100,111,11,0
400100,112,12,0
400100,113,13,0
400100,114,14,0
400100,115,15,0
400100,116,16,0
400100,117,17,0
400100,118,18,0
400100,119,19,0
400100,120,20,0
400100,121,21,0
400100,122,22,0
400100,123,23,0
400100,124,24,0
400100,125,25,0
400100,126,26,0
400100,127,27,0
400100,128,28,0
400100,129,29,0
400100,130,30,0
400100,131,31,0
400100,132,32,0
400100,133,33,0
400100,134,34,0
400100,135,35,0
400100,136,36,0
400100,137,37,0
400100,138,38,0
400100,139,39,0
400100,140,40,0
400100,141,41,1
